1 36 36 35
2 39 36 33
3 39 36 30
4 36 36 28
5 33 36 30
6 33 36 33
7 36 35 35
8 39 35 33
9 39 35 30
10 36 35 28
11 33 35 30
12 33 35 33
13 36.5 36 33
14 36.9 36 32.8
15 37.1 36 32.6
16 37.3 36 32.4
17 37.5 36 32.0
18 37.5 36 31.0
19 37.3 36 30.6
20 37.1 36 30.4
21 36.9 36 30.2
22 36.5 36 30
23 35.5 36 30
24 35.1 36 30.2
25 34.9 36 30.4
26 34.7 36 30.6
27 34.5 36 31.0
28 34.5 36 32.0
29 34.7 36 32.4
30 34.9 36 32.6
31 35.1 36 32.8
32 35.5 36 33
33 36.5 39 33
34 36.9 39 32.8
35 37.1 39 32.6
36 37.3 39 32.4
37 37.5 39 32.0
38 37.5 39 31.0
39 37.3 39 30.6
40 37.1 39 30.4
41 36.9 39 30.2
42 36.5 39 30
43 35.5 39 30
44 35.1 39 30.2
45 34.9 39 30.4
46 34.7 39 30.6
47 34.5 39 31.0
48 34.5 39 32.0
49 34.7 39 32.4
50 34.9 39 32.6
51 35.1 39 32.8
52 35.5 39 33
53 36.90909089 39 34
54 37.36363635 39 33.77272727
55 37.59090908 39 33.54545454
56 37.81818181 39 33.31818181
57 38.04545454 39 33.09090908
58 38.27272727 39 32.86363635
59 38.5 39 32.40909089
60 38.5 39 30.81818178
61 38.27272727 39 30.36363632
62 38.04545454 39 30.13636359
63 37.81818181 39 29.90909086
64 37.59090908 39 29.68181813
65 37.36363635 39 29.45454540
66 36.90909089 39 29.22727267
67 35.31818178 39 29.22727267
68 34.86363632 39 29.45454540
69 34.63636359 39 29.68181813
70 34.40909086 39 29.90909086
71 34.18181813 39 30.13636359
72 33.95454540 39 30.36363632
73 33.72727267 39 30.81818178
74 33.72727267 39 32.40909089
75 33.95454540 39 32.86363635
76 34.18181813 39 33.09090908
77 34.40909086 39 33.31818181
78 34.63636359 39 33.54545454
79 34.86363632 39 33.77272727
80 35.31818178 39 34
81 36.90909089 48 34
82 37.36363635 48 33.77272727
83 37.59090908 48 33.54545454
84 37.81818181 48 33.31818181
85 38.04545454 48 33.09090908
86 38.27272727 48 32.86363635
87 38.5        48 32.40909089
88 38.5        48 30.81818178
89 38.27272727 48 30.36363632
90 38.04545454 48 30.13636359
91 37.81818181 48 29.90909086
92 37.59090908 48 29.68181813
93 37.36363635 48 29.45454540
94 36.90909089 48 29.22727267
95 35.31818178 48 29.22727267
96 34.86363632 48 29.45454540
97 34.63636359 48 29.68181813
98 34.40909086 48 29.90909086
99 34.18181813 48 30.13636359
100 33.95454540 48 30.36363632
101 33.72727267 48 30.81818178
102 33.72727267 48 32.40909089
103 33.95454540 48 32.86363635
104 34.18181813 48 33.09090908
105 34.40909086 48 33.31818181
106 34.63636359 48 33.54545454
107 34.86363632 48 33.77272727
108 35.31818178 48 34
109 36.5 48 33
110 36.9 48 32.8
111 37.1 48 32.6
112 37.3 48 32.4
113 37.5 48 32.0
114 37.5 48 31.0
115 37.3 48 30.6
116 37.1 48 30.4
117 36.9 48 30.2
118 36.5 48 30
119 35.5 48 30
120 35.1 48 30.2
121 34.9 48 30.4
122 34.7 48 30.6
123 34.5 48 31.0
124 34.5 48 32.0
125 34.7 48 32.4
126 34.9 48 32.6
127 35.1 48 32.8
128 35.5 48 33
129 36.5 51 33
130 36.9 51 32.8
131 37.1 51 32.6
132 37.3 51 32.4
133 37.5 51 32.0
134 37.5 51 31.0
135 37.3 51 30.6
136 37.1 51 30.4
137 36.9 51 30.2
138 36.5 51 30
139 35.5 51 30
140 35.1 51 30.2
141 34.9 51 30.4
142 34.7 51 30.6
143 34.5 51 31.0
144 34.5 51 32.0
145 34.7 51 32.4
146 34.9 51 32.6
147 35.1 51 32.8
148 35.5 51 33
149 36.5 49.5 32
150 36.9 49.7 32
151 37.1 49.9 32
152 37.3 50.1 32
153 37.5 50.5 32
154 37.5 51.5 32
155 37.3 51.9 32
156 37.1 52.1 32
157 36.9 52.3 32
158 36.5 52.5 32
159 35.5 52.5 32
160 35.1 52.3 32
161 34.9 52.1 32
162 34.7 51.9 32
163 34.5 51.5 32
164 34.5 50.5 32
165 34.7 50.1 32
166 34.9 49.9 32
167 35.1 49.7 32
168 35.5 49.5 32
169 36.5 49.5 27
170 36.9 49.7 27
171 37.1 49.9 27
172 37.3 50.1 27
173 37.5 50.5 27
174 37.5 51.5 27
175 37.3 51.9 27
176 37.1 52.1 27
177 36.9 52.3 27
178 36.5 52.5 27
179 35.5 52.5 27
180 35.1 52.3 27
181 34.9 52.1 27
182 34.7 51.9 27
183 34.5 51.5 27
184 34.5 50.5 27
185 34.7 50.1 27
186 34.9 49.9 27
187 35.1 49.7 27
188 35.5 49.5 27
189 36.83333335 48.5 27
190 37.50000001 48.83333333 27
191 37.83333334 49.16666666 27
192 38.16666667 49.49999999 27
193 38.5 50.16666665 27
194 38.5 51.83333330 27
195 38.16666667 52.49999996 27
196 37.83333334 52.83333329 27
197 37.50000001 53.16666662 27
198 36.83333335 53.5 27
199 35.16666670 53.5 27
200 34.50000004 53.16666662 27
201 34.16666671 52.83333329 27
202 33.83333338 52.49999996 27
203 33.5 51.83333330 27
204 33.5 50.16666665 27
205 33.83333338 49.49999999 27
206 34.16666671 49.16666666 27
207 34.50000004 48.83333333 27
208 35.16666670 48.5 27
209 36.83333335 48.5 26
210 37.50000001 48.83333333 26
211 37.83333334 49.16666666 26
212 38.16666667 49.49999999 26
213 38.5 50.16666665 26
214 38.5 51.83333330 26
215 38.16666667 52.49999996 26
216 37.83333334 52.83333329 26
217 37.50000001 53.16666662 26
218 36.83333335 53.5 26
219 35.16666670 53.5 26
220 34.50000004 53.16666662 26
221 34.16666671 52.83333329 26
222 33.83333338 52.49999996 26
223 33.5 51.83333330 26
224 33.5 50.16666665 26
225 33.83333338 49.49999999 26
226 34.16666671 49.16666666 26
227 34.50000004 48.83333333 26
228 35.16666670 48.5 26
229 36.43333335 42.5 33
230 36.70000001 42.63333333 33
231 36.83333334 42.76666666 33
232 36.96666667 42.89999999 33
233 37.1 43.16666665 33
234 37.1 43.83333330 33
235 36.96666667 44.09999996 33
236 36.83333334 44.23333329 33
237 36.70000001 44.36666662 33
238 36.43333335 44.5 33
239 35.76666670 44.5 33
240 35.50000004 44.36666662 33
241 35.36666671 44.23333329 33
242 35.23333338 44.09999996 33
243 35.1 43.83333330 33
244 35.1 43.16666665 33
245 35.23333338 42.89999999 33
246 35.36666671 42.76666666 33
247 35.50000004 42.63333333 33
248 35.76666670 42.5 33
249 36.43333335 42.5 35
250 36.70000001 42.63333333 35
251 36.83333334 42.76666666 35
252 36.96666667 42.89999999 35
253 37.1 43.16666665 35
254 37.1 43.83333330 35
255 36.96666667 44.09999996 35
256 36.83333334 44.23333329 35
257 36.70000001 44.36666662 35
258 36.43333335 44.5 35
259 35.76666670 44.5 35
260 35.50000004 44.36666662 35
261 35.36666671 44.23333329 35
262 35.23333338 44.09999996 35
263 35.1 43.83333330 35
264 35.1 43.16666665 35
265 35.23333338 42.89999999 35
266 35.36666671 42.76666666 35
267 35.50000004 42.63333333 35
268 35.76666670 42.5 35
311 26.76666670 42.5 35.5
312 26.76666670 44.5 35.5
313 36.100000025 43.5 35.5
314 36.100000025 43.5 35
315 34.5 42 34
316 37.5 42 34
317 37.5 45 34
318 34.5 45 34
319 34.5 42 31
320 37.5 42 31
321 37.5 45 31
322 34.5 45 31
323 36.90909089 42 34
324 37.36363635 42 33.77272727
325 37.59090908 42 33.54545454
326 37.81818181 42 33.31818181
327 38.04545454 42 33.09090908
328 38.27272727 42 32.86363635
329 38.5        42 32.40909089
330 38.5        42 30.81818178
331 38.27272727 42 30.36363632
332 38.04545454 42 30.13636359
333 37.81818181 42 29.90909086
334 37.59090908 42 29.68181813
335 37.36363635 42 29.45454540
336 36.90909089 42 29.22727267
337 35.31818178 42 29.22727267
338 34.86363632 42 29.45454540
339 34.63636359 42 29.68181813
340 34.40909086 42 29.90909086
341 34.18181813 42 30.13636359
342 33.95454540 42 30.36363632
343 33.72727267 42 30.81818178
344 33.72727267 42 32.40909089
345 33.95454540 42 32.86363635
346 34.18181813 42 33.09090908
347 34.40909086 42 33.31818181
348 34.63636359 42 33.54545454
349 34.86363632 42 33.77272727
350 35.31818178 42 34
351 36.90909089 41.8 34
352 37.36363635 41.8 33.77272727
353 37.59090908 41.8 33.54545454
354 37.81818181 41.8 33.31818181
355 38.04545454 41.8 33.09090908
356 38.27272727 41.8 32.86363635
357 38.5        41.8 32.40909089
358 38.5        41.8 30.81818178
359 38.27272727 41.8 30.36363632
360 38.04545454 41.8 30.13636359
361 37.81818181 41.8 29.90909086
362 37.59090908 41.8 29.68181813
363 37.36363635 41.8 29.45454540
364 36.90909089 41.8 29.22727267
365 35.31818178 41.8 29.22727267
366 34.86363632 41.8 29.45454540
367 34.63636359 41.8 29.68181813
368 34.40909086 41.8 29.90909086
369 34.18181813 41.8 30.13636359
370 33.95454540 41.8 30.36363632
371 33.72727267 41.8 30.81818178
372 33.72727267 41.8 32.40909089
373 33.95454540 41.8 32.86363635
374 34.18181813 41.8 33.09090908
375 34.40909086 41.8 33.31818181
376 34.63636359 41.8 33.54545454
377 34.86363632 41.8 33.77272727
378 35.31818178 41.8 34
379 36.90909089 45 34
380 37.36363635 45 33.77272727
381 37.59090908 45 33.54545454
382 37.81818181 45 33.31818181
383 38.04545454 45 33.09090908
384 38.27272727 45 32.86363635
385 38.5        45 32.40909089
386 38.5        45 30.81818178
387 38.27272727 45 30.36363632
388 38.04545454 45 30.13636359
389 37.81818181 45 29.90909086
390 37.59090908 45 29.68181813
391 37.36363635 45 29.45454540
392 36.90909089 45 29.22727267
393 35.31818178 45 29.22727267
394 34.86363632 45 29.45454540
395 34.63636359 45 29.68181813
396 34.40909086 45 29.90909086
397 34.18181813 45 30.13636359
398 33.95454540 45 30.36363632
399 33.72727267 45 30.81818178
400 33.72727267 45 32.40909089
401 33.95454540 45 32.86363635
402 34.18181813 45 33.09090908
403 34.40909086 45 33.31818181
404 34.63636359 45 33.54545454
405 34.86363632 45 33.77272727
406 35.31818178 45 34
407 36.90909089 45.2 34
408 37.36363635 45.2 33.77272727
409 37.59090908 45.2 33.54545454
410 37.81818181 45.2 33.31818181
411 38.04545454 45.2 33.09090908
412 38.27272727 45.2 32.86363635
413 38.5        45.2 32.40909089
414 38.5        45.2 30.81818178
415 38.27272727 45.2 30.36363632
416 38.04545454 45.2 30.13636359
417 37.81818181 45.2 29.90909086
418 37.59090908 45.2 29.68181813
419 37.36363635 45.2 29.45454540
420 36.90909089 45.2 29.22727267
421 35.31818178 45.2 29.22727267
422 34.86363632 45.2 29.45454540
423 34.63636359 45.2 29.68181813
424 34.40909086 45.2 29.90909086
425 34.18181813 45.2 30.13636359
426 33.95454540 45.2 30.36363632
427 33.72727267 45.2 30.81818178
428 33.72727267 45.2 32.40909089
429 33.95454540 45.2 32.86363635
430 34.18181813 45.2 33.09090908
431 34.40909086 45.2 33.31818181
432 34.63636359 45.2 33.54545454
433 34.86363632 45.2 33.77272727
434 35.31818178 45.2 34
435 38.5        42 30.61818178
436 38.5        45.2 30.61818178
437 33.72727267 45.2 30.61818178
438 33.72727267 42 30.61618178
439 36.43333335 42.5 30.81818178
440 36.70000001 42.63333333 30.81818178
441 36.83333334 42.76666666 30.81818178
442 36.96666667 42.89999999 30.81818178
443 37.1 43.16666665 30.81818178
444 37.1 43.83333330 30.81818178
445 36.96666667 44.09999996 30.81818178
446 36.83333334 44.23333329 30.81818178
447 36.70000001 44.36666662 30.81818178
448 36.43333335 44.5 30.81818178
449 35.76666670 44.5 30.81818178
450 35.50000004 44.36666662 30.81818178
451 35.36666671 44.23333329 30.81818178
452 35.23333338 44.09999996 30.81818178
453 35.1 43.83333330 30.81818178
454 35.1 43.16666665 30.81818178
455 35.23333338 42.89999999 30.81818178
456 35.36666671 42.76666666 30.81818178
457 35.50000004 42.63333333 30.81818178
458 35.76666670 42.5 30.81818178
459 36.43333335 42.5 30.81818178
460 36.43333335 42.5 30.61818178
461 36.70000001 42.63333333 30.61818178
462 36.83333334 42.76666666 30.61818178
463 36.96666667 42.89999999 30.61818178
464 37.1 43.16666665 30.61818178
465 37.1 43.83333330 30.61818178
466 36.96666667 44.09999996 30.61818178
467 36.83333334 44.23333329 30.61818178
468 36.70000001 44.36666662 30.61818178
469 36.43333335 44.5 30.61818178
470 35.76666670 44.5 30.61818178
471 35.50000004 44.36666662 30.61818178
472 35.36666671 44.23333329 30.61818178
473 35.23333338 44.09999996 30.61818178
474 35.1 43.83333330 30.61818178
475 35.1 43.16666665 30.61818178
476 35.23333338 42.89999999 30.61818178
477 35.36666671 42.76666666 30.61818178
478 35.50000004 42.63333333 30.61818178
479 35.76666670 42.5 30.61818178
480 36.43333335 42.5 30.61818178
500 36.43333335 42.5 30.82
501 36.70000001 42.63333333 30.82
502 36.83333334 42.76666666 30.82
503 36.96666667 42.89999999 30.82
504 37.1 43.16666665 30.82
505 37.1 43.83333330 30.82
506 36.96666667 44.09999996 30.82
507 36.83333334 44.23333329 30.82
508 36.70000001 44.36666662 30.82
509 36.43333335 44.5 30.82
510 35.76666670 44.5 30.82
511 35.50000004 44.36666662 30.82
512 35.36666671 44.23333329 30.82
513 35.23333338 44.09999996 30.82
514 35.1 43.83333330 30.82
515 35.1 43.16666665 30.82
516 35.23333338 42.89999999 30.82
517 35.36666671 42.76666666 30.82
518 35.50000004 42.63333333 30.82
519 35.76666670 42.5 30.82
520 36.43333335 42.5 30.82
521 36.43333335 42.5 31.2
522 36.70000001 42.63333333 31.2
523 36.83333334 42.76666666 31.2
524 36.96666667 42.89999999 31.2
525 37.1 43.16666665 31.2
526 37.1 43.83333330 31.2
527 36.96666667 44.09999996 31.2
528 36.83333334 44.23333329 31.2
529 36.70000001 44.36666662 31.2
530 36.43333335 44.5 31.2
531 35.76666670 44.5 31.2
532 35.50000004 44.36666662 31.2
533 35.36666671 44.23333329 31.2
534 35.23333338 44.09999996 31.2
535 35.1 43.83333330 31.2
536 35.1 43.16666665 31.2
537 35.23333338 42.89999999 31.2
538 35.36666671 42.76666666 31.2
539 35.50000004 42.63333333 31.2
540 35.76666670 42.5 31.2
541 36.43333335 42.5 31.2
542 36.43333335 42.5 31.6
543 36.70000001 42.63333333 31.6
544 36.83333334 42.76666666 31.6
545 36.96666667 42.89999999 31.6
546 37.1 43.16666665 31.6
547 37.1 43.83333330 31.6
548 36.96666667 44.09999996 31.6
549 36.83333334 44.23333329 31.6
550 36.70000001 44.36666662 31.6
551 36.43333335 44.5 31.6
552 35.76666670 44.5 31.6
553 35.50000004 44.36666662 31.6
554 35.36666671 44.23333329 31.6
555 35.23333338 44.09999996 31.6
556 35.1 43.83333330 31.6
557 35.1 43.16666665 31.6
558 35.23333338 42.89999999 31.6
559 35.36666671 42.76666666 31.6
560 35.50000004 42.63333333 31.6
561 35.76666670 42.5 31.6
562 36.43333335 42.5 31.6
563 36.26666665 43 31.6
564 36.39999999 43.06666667 31.6
565 36.46666666 43.13333334 31.6
566 36.53333333 43.20000001 31.6
567 36.6 43.33333335 31.6
568 36.6 43.66666670 31.6
569 36.53333333 43.80000004 31.6
570 36.46666666 43.86666671 31.6
571 36.39999999 43.93333338 31.6
572 36.26666665 44 31.6
573 35.93333330 44 31.6
574 35.79999996 43.93333338 31.6
575 35.73333329 43.86666671 31.6
576 35.66666662 43.80000004 31.6
577 35.6 43.66666670 31.6
578 35.6 43.33333335 31.6
579 35.66666662 43.20000001 31.6
580 35.73333329 43.13333334 31.6
581 35.79999996 43.06666667 31.6
582 35.93333330 43 31.6
583 36.26666665 43 37.5
584 36.39999999 43.06666667 37.5
585 36.46666666 43.13333334 37.5
586 36.53333333 43.20000001 37.5
587 36.6 43.33333335 37.5
588 36.6 43.66666670 37.5
589 36.53333333 43.80000004 37.5
590 36.46666666 43.86666671 37.5
591 36.39999999 43.93333338 37.5
592 36.26666665 44 37.5
593 35.93333330 44 37.5
594 35.79999996 43.93333338 37.5
595 35.73333329 43.86666671 37.5
596 35.66666662 43.80000004 37.5
597 35.6 43.66666670 37.5
598 35.6 43.33333335 37.5
599 35.66666662 43.20000001 37.5
600 35.73333329 43.13333334 37.5
601 35.79999996 43.06666667 37.5
602 35.93333330 43 37.5
603 37 42.6 37.2
604 37 44.4 37.2
605 35.2 44.4 37.2
606 35.2 42.6 37.2
607 37 42.6 35.8
608 37 44.4 35.8
609 35.2 44.4 35.8
610 35.2 42.6 35.8
611 36.40 47 37.2
612 36.64 47 37.08
613 36.76 47 36.96
614 36.88 47 36.84
615 37 47 36.60
616 37 47 36.00
617 36.88 47 35.76
618 36.76 47 35.64
619 36.64 47 35.52
620 36.40 47 35.4
621 35.80 47 35.4
622 35.56 47 35.52
623 35.44 47 35.64
624 35.32 47 35.76
625 35.2 47 36.00
626 35.2 47 36.60
627 35.32 47 36.84
628 35.44 47 36.96
629 35.56 47 37.08
630 35.80 47 37.2
631 36.40 40 37.2
632 36.64 40 37.08
633 36.76 40 36.96
634 36.88 40 36.84
635 37    40 36.60
636 37    40 36.00
637 36.88 40 35.76
638 36.76 40 35.64
639 36.64 40 35.52
640 36.40 40 35.4
641 35.80 40 35.4
642 35.56 40 35.52
643 35.44 40 35.64
644 35.32 40 35.76
645 35.2  40 36.00
646 35.2  40 36.60
647 35.32 40 36.84
648 35.44 40 36.96
649 35.56 40 37.08
650 35.80 40 37.2
651 36.1 43.5 38
652 36.1 43.5 30
faces:
1 2 3 4 5 6.
12 11 10 9 8 7.
7 8 2 1.
8 9 3 2.
9 10 4 3.
4 10 11 5.
5 11 12 6.
6 12 7 1.
33 52 32 13.
34 33 13 14.
35 34 14 15.
36 35 15 16.
37 36 16 17.
38 37 17 18.
39 38 18 19.
40 39 19 20.
41 40 20 21.
42 41 21 22.
43 42 22 23.
44 43 23 24.
45 44 24 25.
46 45 25 26.
47 46 26 27.
48 47 27 28.
49 48 28 29.
50 49 29 30.
51 50 30 31.
52 51 31 32.
33 34 35 36 37 38 39 40 41 42 43 44 45 46 47 48 49 50 51 52.
80 79 78 77 76 75 74 73 72 71 70 69 68 67 66 65 64 63 62 61 60 59 58 57 56 55 54 53.
53 54 55 56 57 58 59 60 61 62 63 64 65 66 67 68 69 70 71 72 73 74 75 76 77 78 79 80.
81 82 83 84 85 86 87 88 89 90 91 92 93 94 95 96 97 98 99 100 101 102 103 104 105 106 107 108.
108 107 106 105 104 103 102 101 100 99 98 97 96 95 94 93 92 91 90 89 88 87 86 85 84 83 82 81.
81 108 80 53.
93 92 64 65.
94 93 65 66.
95 94 66 67.
96 95 67 68.
97 96 68 69.
98 97 69 70.
99 98 70 71.
100 99 71 72.
101 100 72 73.
102 101 73 74.
103 102 74 75.
104 103 75 76.
105 104 76 77.
106 105 77 78.
107 106 78 79.
108 107 79 80.
129 148 128 109.
130 129 109 110.
131 130 110 111.
132 131 111 112.
133 132 112 113.
134 133 113 114.
135 134 114 115.
136 135 115 116.
137 136 116 117.
138 137 117 118.
139 138 118 119.
140 139 119 120.
141 140 120 121.
142 141 121 122.
143 142 122 123.
144 143 123 124.
145 144 124 125.
146 145 125 126.
147 146 126 127.
148 147 127 128.
149 150 151 152.
188 187 186 185 184 183 182 181 180 179 178 177 176 175 174 173 172 171 170 169.
149 168 188 169.
150 149 169 170.
151 150 170 171.
152 151 171 172.
153 152 172 173.
154 153 173 174.
155 154 174 175.
156 155 175 176.
157 156 176 177.
158 157 177 178.
159 158 178 179.
160 159 179 180.
161 160 180 181.
162 161 181 182.
163 162 182 183.
164 163 183 184.
165 164 184 185.
166 165 185 186.
167 166 186 187.
168 167 187 188.
154 155 132 133.
155 156 131 132.
156 157 130 131.
157 158 129 130.
158 159 148 129.
159 160 147 148.
160 161 146 147.
161 162 145 146.
162 163 144 145.
189 190 191 192 193 194 195 196 197 198 199 200 201 202 203 204 205 206 207 208.
208 207 206 205 204 203 202 201 200 199 198 197 196 195 194 193 192 191 190 189.
209 228 208 189.
189 208 228 209.
190 189 209 210.
210 209 189 190.
191 190 210 211.
211 210 190 191.
192 191 211 212.
212 211 191 192.
193 192 212 213.
213 212 192 193.
194 193 213 214.
195 194 214 215.
196 195 215 216.
197 196 216 217.
198 197 217 218.
199 198 218 219.
200 199 219 220.
201 200 220 221.
202 201 221 222.
203 202 222 223.
204 203 223 224.
205 204 224 225.
206 205 225 226.
207 206 226 227.
208 207 227 228.
214 213 193 194.
215 214 194 195.
216 215 195 196.
217 216 196 197.
218 217 197 198.
219 218 198 199.
220 219 199 200.
221 220 200 201.
222 221 201 202.
223 222 202 203.
224 223 203 204.
225 224 204 205.
226 225 205 206.
227 226 206 207.
228 227 207 208.
249 250 251 252 253 254 255 256 257 258 259 260 261 262 263 264 265 266 267 268.
249 268 248 229.
250 249 229 230.
251 250 230 231.
252 251 231 232.
253 252 232 233.
254 253 233 234.
255 254 234 235.
256 255 235 236.
257 256 236 237.
258 257 237 238.
259 258 238 239.
260 259 239 240.
261 260 240 241.
262 261 241 242.
263 262 242 243.
264 263 243 244.
265 264 244 245.
266 265 245 246.
267 266 246 247.
268 267 247 248.
323 324 325 326 327 328 329 330 343 344 345 346 347 348 349 350.
378 377 376 375 374 373 372 371 358 357 356 355 354 353 352 351.
324 323 351 352.
325 324 352 353.
326 325 353 354.
327 326 354 355.
328 327 355 356.
329 328 356 357.
330 329 357 358.
330 343 358 371.
330 358 371 343.
399 398 397 396 395 394 393 392 391 390 389 388 387 386.
414 415 416 417 418 419 420 421 422 423 424 425 426 427.
386 387 415 414.
387 388 416 415.
388 389 417 416.
389 390 418 417.
399 386 414 427.
-330 414 427 343 -459 458 457 456 455 454 453 452 451 450 449 448 447 446 445 444 443 442 441 440 439.
-438 437 436 435 -460 461 462 463 464 465 466 467 468 469 470 471 472 473 474 475 476 477 478 479 480.
438 435 330 343.
458 440 461 479.
458 457 479 478.
457 458 479 478.
456 457 478 477.
455 456 477 476.
454 455 476 475.
453 454 475 474.
452 453 474 473.
451 452 473 472.
450 451 472 471.
449 450 471 470.
448 449 470 469.
447 448 469 468.
446 447 468 467.
445 446 467 466.
444 445 466 465.
443 444 465 464.
442 443 464 463.
441 442 463 462.
440 441 462 461.
439 440 461 460.
435 436 414 330.
520 519 518 517 516 515 514 513 512 511 510 509 508 507 506 505 504 503 502 501 500.
521 522 523 524 525 526 527 528 529 530 531 532 533 534 535 536 537 538 539 540 541.
522 521 500 501.
523 522 501 502.
524 523 502 503.
525 524 503 504.
526 525 504 505.
527 526 505 506.
528 527 506 507.
529 528 507 508.
530 529 508 509.
531 530 509 510.
532 531 510 511.
533 532 511 512.
534 533 512 513.
535 534 513 514.
536 535 514 515.
537 536 515 516.
538 537 516 517.
539 538 517 518.
540 539 518 519.
541 540 519 520.
500 520 541 521.
542 543 544 545 546 547 548 549 550 551 552 553 554 555 556 557 558 559 560 561 562.
521 541 542 562.
543 542 521 522.
544 543 522 523.
545 544 523 524.
546 545 524 525.
547 546 525 526.
548 547 526 527.
549 548 527 528.
550 549 528 529.
551 550 529 530.
552 551 530 531.
553 552 531 532.
554 553 532 533.
555 554 533 534.
556 555 534 535.
557 556 535 536.
558 557 536 537.
559 558 537 538.
560 559 538 539.
561 560 539 540.
562 561 540 541.
563 564 565 566.
563 564 565 566 567 568 569 570 571 572 573 574 575 576 577 578 579 580 581 582.
583 584 585 586 587 588 589 590 591 592 593 594 595 596 597 598 599 600 601 602.
583 602 582 563.
584 583 563 564.
585 584 564 565.
586 585 565 566.
587 586 566 567.
588 587 567 568.
589 588 568 569.
590 589 569 570.
591 590 570 571.
592 591 571 572.
593 592 572 573.
594 593 573 574.
595 594 574 575.
596 595 575 576.
597 596 576 577.
598 597 577 578.
599 598 578 579.
600 599 579 580.
601 600 580 581.
602 601 581 582.
611 612 613 614 615 616 617 618 619 620 621 622 623 624 625 626 627 628 629 630.
650 649 648 647 646 645 644 643 642 641 640 639 638 637 636 635 634 633 632 631.
611 630 650 631.
612 611 631 632.
613 612 632 633.
614 613 633 634.
615 614 634 635.
616 615 635 636.
617 616 636 637.
618 617 637 638.
619 618 638 639.
620 619 639 640.
621 620 640 641.
622 621 641 642.
623 622 642 643.
624 623 643 644.
625 624 644 645.
626 625 645 646.
627 626 646 647.
628 627 647 648.
629 628 648 649.
630 629 649 650.