1 0.02 0.3 0.3
2 0.02 0.6 0.3
3 0.02 0.6 0.41
4 0.02 1.2 0.41
5 0.02 1.2 0.56
6 0.02 1.15 0.56
7 0.02 1.15 0.49
8 0.02 1.12 0.49
9 0.02 1.12 0.54
10 0.02 1.08 0.54
11 0.02 1.08 0.49
12 0.02 0.6 0.49
13 0.02 0.6 0.6
14 0.02 0.3 0.6
15 0.02 0.3 0.42
16 0.02 0.37 0.465
17 0.02 0.4 0.465
18 0.02 0.4 0.435
19 0.02 0.37 0.435
20 0.02 0.37 0.465
21 0 0.3 0.3
22 0 0.6 0.3
23 0 0.6 0.41
24 0 1.2 0.41
25 0 1.2 0.56
26 0 1.15 0.56
27 0 1.15 0.49
28 0 1.12 0.49
29 0 1.12 0.54
30 0 1.08 0.54
31 0 1.08 0.49
32 0 0.6 0.49
33 0 0.6 0.6
34 0 0.3 0.6
35 0 0.3 0.42
36 0 0.37 0.465
37 0 0.4 0.465
38 0 0.4 0.435
39 0 0.37 0.435
40 0 0.37 0.465
Faces:
1 2 3 4 5 6 7 8 9 10 11 12 13 14 15 -16 17 18 19 20 -15.
-35 40 39 38 37 36 35 34 33 32 31 30 29 28 27 26 25 24 23 22 21.
1 14 34 21.
14 13 33 34.
21 22 2 1.
12 11 31 32.
3 2 22 23.
13 12 32 33.
23 24 4 3.
25 26 6 5.
24 25 5 4.
7 6 26 27.
27 28 8 7.
28 29 9 8.
10 9 29 30.
11 10 30 31.
36 37 17 16.
39 38 18 19.